# QGIS Generated Color Map Export File
INTERPOLATION:DISCRETE
0,127,129,125,255,<= 0.0000
88.4585606666666564,229,245,224,255,0.0000 - 88.4586
132.68784099999999171,199,233,192,255,88.4586 - 132.6878
176.9171213333333128,161,217,155,255,132.6878 - 176.9171
221.1464016666666339,116,196,118,255,176.9171 - 221.1464
265.37568199999998342,65,171,93,255,221.1464 - 265.3757
306.20270999999996775,35,139,69,255,265.3757 - 306.2027
340.22523333333327855,0,109,44,255,306.2027 - 340.2252
inf,0,68,27,255,> 340.2252
